-1.49	0
-1.48	0
-1.47	0
-1.46	0
-1.45	0
-1.44	0
-1.43	0
-1.42	0
-1.41	0
-1.4	0
-1.39	0
-1.38	0
-1.37	0
-1.36	0
-1.35	0
-1.34	0
-1.33	0
-1.32	0
-1.31	0
-1.3	0
-1.29	0
-1.28	0
-1.27	0
-1.26	0
-1.25	0
-1.24	0
-1.23	0
-1.22	0
-1.21	0
-1.2	0
-1.19	0
-1.18	0
-1.17	0
-1.16	0
-1.15	0
-1.14	0
-1.13	0
-1.12	0
-1.11	0
-1.1	0
-1.09	0
-1.08	0
-1.07	0
-1.06	0
-1.05	0
-1.04	0
-1.03	0
-1.02	0
-1.01	0
-1	0
-0.99	0
-0.98	0
-0.97	0
-0.96	0
-0.95	0
-0.94	0
-0.93	0
-0.92	0
-0.91	0
-0.9	0
-0.89	0
-0.88	0
-0.87	0
-0.86	0
-0.85	0
-0.84	0
-0.83	0
-0.82	0
-0.81	0
-0.8	0
-0.79	0
-0.78	0
-0.77	0
-0.76	0
-0.75	0
-0.74	0
-0.73	0
-0.72	0
-0.71	0
-0.7	0
-0.69	0
-0.68	0
-0.67	0
-0.66	0
-0.65	0
-0.64	0
-0.63	0
-0.62	0
-0.61	0
-0.6	0
-0.59	0
-0.58	0
-0.57	0
-0.56	0
-0.55	0
-0.54	0
-0.53	0
-0.52	0
-0.51	0
-0.5	0
-0.49	0
-0.48	0
-0.47	0
-0.46	0
-0.45	0
-0.44	0
-0.43	0
-0.42	0
-0.41	0
-0.4	0
-0.39	0
-0.38	0
-0.37	0
-0.36	0
-0.35	0
-0.34	0
-0.33	0
-0.32	0
-0.31	0
-0.3	0
-0.29	0
-0.28	0
-0.27	0
-0.26	0
-0.25	0
-0.24	0
-0.23	0
-0.22	0
-0.21	0
-0.2	0
-0.19	0
-0.18	0
-0.17	0
-0.16	0
-0.15	0
-0.14	0
-0.13	0
-0.12	0
-0.11	0
-0.1	0
-0.09	0
-0.08	0
-0.07	0
-0.06	0
-0.05	0
-0.04	0
-0.03	0
-0.02	0
-0.01	0
0	0.0001
0.01	0.0003
0.02	0.0008
0.03	0.0018
0.04	0.0041
0.05	0.0084
0.06	0.0163
0.07	0.0291
0.08	0.0483
0.09	0.0748
0.1	0.108
0.11	0.1457
0.12	0.1842
0.13	0.2192
0.14	0.2469
0.15	0.2648
0.16	0.2726
0.17	0.2718
0.18	0.2648
0.19	0.255
0.2	0.2451
0.21	0.2377
0.22	0.2345
0.23	0.236
0.24	0.2421
0.25	0.2522
0.26	0.2654
0.27	0.2815
0.28	0.3009
0.29	0.3247
0.3	0.355
0.31	0.3942
0.32	0.4445
0.33	0.5063
0.34	0.5787
0.35	0.659
0.36	0.7445
0.37	0.8331
0.38	0.9229
0.39	1.0113
0.4	1.0934
0.41	1.1632
0.42	1.2155
0.43	1.2493
0.44	1.269
0.45	1.284
0.46	1.3042
0.47	1.3359
0.48	1.3786
0.49	1.4248
0.5	1.4626
0.51	1.4809
0.52	1.4742
0.53	1.4459
0.54	1.407
0.55	1.3709
0.56	1.3473
0.57	1.3376
0.58	1.3351
0.59	1.3297
0.6	1.3138
0.61	1.287
0.62	1.2556
0.63	1.2283
0.64	1.2111
0.65	1.2037
0.66	1.1981
0.67	1.1813
0.68	1.1393
0.69	1.0624
0.7	0.9481
0.71	0.8032
0.72	0.6421
0.73	0.482
0.74	0.3386
0.75	0.2221
0.76	0.1361
0.77	0.0785
0.78	0.0443
0.79	0.028
0.8	0.0257
0.81	0.0355
0.82	0.0577
0.83	0.0934
0.84	0.1441
0.85	0.2104
0.86	0.2921
0.87	0.389
0.88	0.5015
0.89	0.6316
0.9	0.7824
0.91	0.9577
0.92	1.1619
0.93	1.4001
0.94	1.6774
0.95	1.9965
0.96	2.3528
0.97	2.7287
0.98	3.0902
0.99	3.391
1	3.5841
1.01	3.6382
1.02	3.5519
1.03	3.3583
1.04	3.1177
1.05	2.8986
1.06	2.7552
1.07	2.7111
1.08	2.7528
1.09	2.8363
1.1	2.9021
1.11	2.8937
1.12	2.7728
1.13	2.5295
1.14	2.1831
1.15	1.7754
1.16	1.3584
1.17	0.9805
1.18	0.6769
1.19	0.4661
1.2	0.3514
1.21	0.3259
1.22	0.376
1.23	0.4833
1.24	0.6243
1.25	0.7716
1.26	0.8968
1.27	0.9767
1.28	0.9998
1.29	0.9708
1.3	0.9093
1.31	0.8433
1.32	0.7992
1.33	0.7933
1.34	0.8277
1.35	0.8916
1.36	0.9675
1.37	1.0388
1.38	1.0946
1.39	1.1315
1.4	1.1511
1.41	1.1559
1.42	1.1476
1.43	1.1282
1.44	1.1039
1.45	1.0899
1.46	1.1121
1.47	1.2047
1.48	1.4034
1.49	1.735
1.5	2.2064
1.51	2.7951
1.52	3.4459
1.53	4.0782
1.54	4.6026
1.55	4.9455
1.56	5.071
1.57	4.9919
1.58	4.7648
1.59	4.4703
1.6	4.187
1.61	3.9687
1.62	3.8336
1.63	3.7664
1.64	3.7308
1.65	3.6852
1.66	3.5973
1.67	3.4528
1.68	3.258
1.69	3.0342
1.7	2.8077
1.71	2.5985
1.72	2.4126
1.73	2.2435
1.74	2.0808
1.75	1.9221
1.76	1.7806
1.77	1.6827
1.78	1.6562
1.79	1.7139
1.8	1.842
1.81	1.9988
1.82	2.1269
1.83	2.1727
1.84	2.1066
1.85	1.9342
1.86	1.6951
1.87	1.4513
1.88	1.2713
1.89	1.2162
1.9	1.3321
1.91	1.648
1.92	2.1741
1.93	2.8998
1.94	3.7886
1.95	4.7745
1.96	5.7662
1.97	6.6603
1.98	7.3627
1.99	7.8094
2	7.9792
2.01	7.8924
2.02	7.5984
2.03	7.1602
2.04	6.6429
2.05	6.1091
2.06	5.6205
2.07	5.2376
2.08	5.0145
2.09	4.9887
2.1	5.1679
2.11	5.5224
2.12	5.9873
2.13	6.4768
2.14	6.9057
2.15	7.2092
2.16	7.3525
2.17	7.3287
2.18	7.1478
2.19	6.8269
2.2	6.3876
2.21	5.8597
2.22	5.2855
2.23	4.7169
2.24	4.2069
2.25	3.7962
2.26	3.5041
2.27	3.3277
2.28	3.2487
2.29	3.2419
2.3	3.2817
2.31	3.3442
2.32	3.4075
2.33	3.4541
2.34	3.4752
2.35	3.4741
2.36	3.4638
2.37	3.4587
2.38	3.4633
2.39	3.4661
2.4	3.4422
2.41	3.3651
2.42	3.2213
2.43	3.0198
2.44	2.791
2.45	2.5772
2.46	2.4172
2.47	2.3339
2.48	2.3272
2.49	2.3766
2.5	2.4492
2.51	2.5106
2.52	2.5355
2.53	2.5126
2.54	2.4459
2.55	2.3495
2.56	2.2417
2.57	2.1383
2.58	2.0492
2.59	1.9771
2.6	1.92
2.61	1.8726
2.62	1.8292
2.63	1.7854
2.64	1.7397
2.65	1.6949
2.66	1.6582
2.67	1.6388
2.68	1.6432
2.69	1.6691
2.7	1.703
2.71	1.7214
2.72	1.6986
2.73	1.6155
2.74	1.4686
2.75	1.2713
2.76	1.05
2.77	0.835
2.78	0.6514
2.79	0.5135
2.8	0.4241
2.81	0.3771
2.82	0.3624
2.83	0.3706
2.84	0.3952
2.85	0.4347
2.86	0.4932
2.87	0.58
2.88	0.7069
2.89	0.8828
2.9	1.1061
2.91	1.3583
2.92	1.6027
2.93	1.7917
2.94	1.8805
2.95	1.8425
2.96	1.6798
2.97	1.4221
2.98	1.1166
2.99	0.8126
3	0.5477
3.01	0.3419
3.02	0.1975
3.03	0.1056
3.04	0.0523
3.05	0.0242
3.06	0.011
3.07	0.0066
3.08	0.0086
3.09	0.0183
3.1	0.0413
3.11	0.0878
3.12	0.173
3.13	0.3153
3.14	0.531
3.15	0.8269
3.16	1.1904
3.17	1.5847
3.18	1.951
3.19	2.2226
3.2	2.3458
3.21	2.2995
3.22	2.1043
3.23	1.8172
3.24	1.5117
3.25	1.2548
3.26	1.0889
3.27	1.0242
3.28	1.0424
3.29	1.107
3.3	1.1764
3.31	1.2142
3.32	1.1966
3.33	1.1156
3.34	0.9789
3.35	0.8057
3.36	0.6208
3.37	0.4476
3.38	0.3034
3.39	0.1969
3.4	0.1297
3.41	0.0983
3.42	0.0975
3.43	0.1217
3.44	0.1655
3.45	0.2245
3.46	0.2956
3.47	0.378
3.48	0.4743
3.49	0.5893
3.5	0.7272
3.51	0.8867
3.52	1.0589
3.53	1.2278
3.54	1.3772
3.55	1.5002
3.56	1.606
3.57	1.7204
3.58	1.8757
3.59	2.0949
3.6	2.3754
3.61	2.6813
3.62	2.9504
3.63	3.1126
3.64	3.1149
3.65	2.9394
3.66	2.6092
3.67	2.1782
3.68	1.7125
3.69	1.2713
3.7	0.8944
3.71	0.5992
3.72	0.3853
3.73	0.2419
3.74	0.1555
3.75	0.1145
3.76	0.1111
3.77	0.1405
3.78	0.1995
3.79	0.2834
3.8	0.3854
3.81	0.4967
3.82	0.6098
3.83	0.7228
3.84	0.8404
3.85	0.9725
3.86	1.1264
3.87	1.2985
3.88	1.4692
3.89	1.6062
3.9	1.6756
3.91	1.6564
3.92	1.5515
3.93	1.3889
3.94	1.2132
3.95	1.0696
3.96	0.9892
3.97	0.9795
3.98	1.0242
3.99	1.0905
4	1.141
4.01	1.1457
4.02	1.0896
4.03	0.9752
4.04	0.8192
4.05	0.645
4.06	0.4759
4.07	0.3289
4.08	0.2129
4.09	0.129
4.1	0.0732
4.11	0.0388
4.12	0.0193
4.13	0.0092
4.14	0.0047
4.15	0.0039
4.16	0.0066
4.17	0.0146
4.18	0.0319
4.19	0.0652
4.2	0.1238
4.21	0.2184
4.22	0.3576
