108995481730497.47 
75646153555.46767 
0.0 
30868074.29239136 
27138388.825996768 
27280336.525265716 
27275687.040481187 
27275503.5244463 
27275244.541465115 
28047942.876756705 
28866265.24153048 
29733782.085890878 
41029851.424138226 
40041761601.06181 
103048751694.73062 
188888943644.67004 
288918830689.25836 
384831899138.9474 
452257803680.0471 
469177743225.13745 
431631464939.6939 
357243368190.208 
268632766419.6741 
184893732766.71338 
117199799838.00702 
68791179392.88052 
37573674664.48239 
19183966001.011375 
9193458060.914118 
4150655008.4153047 
1771345270.1811464 
716712593.3991209 
275689052.9360569 
101062762.4276698 
35385557.15646527 
11857810.338846738 
3810062.3361646314 
1175841.6569714614 
349090.2811119001 
99846.65779826815 
27550.937284019194 
7602.242337890814 
2097.7300399328033 
578.8421082951393 
159.72516526877254 
44.07470042871463 
12.162091689894522 
3.3560633570961467 
0.9260940633730759 
0.25555431846571364 
0.07052037825287935 
0.019460296131354957 
0.005370166964535481 
0.001481937244377109 
0.00040895516946414483 
0.00011285627699186826 
3.114442403388404e-05 
8.594889772799223e-06 
2.3719612180931406e-06 
6.546155440232306e-07 
1.8067010586735705e-07 
4.986900564022109e-08 
1.3768116663771955e-08 
3.803192916495367e-09 
1.0518685298378034e-09 
2.917713234808868e-10 
8.148719669061041e-11 
2.3118479603139203e-11 
6.7912165270376e-12 
2.1422166617513036e-12 
7.657093503157298e-13 
3.2478091294916486e-13 
1.632881928748521e-13 
9.280105011682352e-14 
5.6498869764752686e-14 
3.5544875280385215e-14 
2.2676663888533622e-14 
1.4542199370145905e-14 
9.337695427962266e-15 
5.993431000059777e-15 
3.8425785403023314e-15 
2.4600650603764325e-15 
1.5724952220066934e-15 
1.003520690161732e-15 
6.393624121698082e-16 
4.0667478089891014e-16 
2.5824086284038754e-16 
1.6371165759896684e-16 
1.0361222246011168e-16 
6.546650379607556e-17 
4.129564065904766e-17 
2.6005567466182614e-17 
1.6349546584934962e-17 
1.0261776122433952e-17 
6.430089235664835e-18 
4.022437516694276e-18 
2.512115813623439e-18 
1.566275864571764e-18 
9.74934202307157e-19 
6.058442846481274e-19 
3.7585954964637664e-19 
2.3279263474032494e-19 
1.4394353493361565e-19 
8.88576007899615e-20 
5.476167241143201e-20 
3.3692926510144944e-20 
2.069573663590835e-20 
1.2691220140394214e-20 
7.769738649877576e-21 
4.748869114997144e-21 
2.89771024172717e-21 
1.7652283250280937e-21 
1.0735646527368445e-21 
6.518341527364846e-22 
3.951189102336949e-22 
2.3911152956276023e-22 
1.4446259679718065e-22 
8.713501486322248e-23 
5.247018374736852e-23 
3.154388847684125e-23 
1.8932188445645865e-23 
1.1344086408624558e-23 
6.786119640749393e-24 
4.0528163878045535e-24 
2.4164394352483052e-24 
1.4383964276244288e-24 
8.548011184042579e-25 
5.071488721171708e-25 
3.0039300368620073e-25 
1.7763485175766852e-25 
1.0486983344163765e-25 
6.180975266836354e-26 
3.637034477711964e-26 
2.1365926730710885e-26 
1.2530829860838299e-26 
7.337051099048165e-27 
4.288907137702052e-27 
2.5029654207012e-27 
1.4582964430754158e-27 
8.482407334586723e-28 
4.92577162109657e-28 
2.8556874537316632e-28 
1.6528279256000235e-28 
9.550462085971514e-29 
5.509345289171643e-29 
3.1728783705567445e-29 
1.824246415995188e-29 
1.0471017641867539e-29 
6.000232687207059e-30 
3.4325701634190004e-30 
1.9603833444531585e-30 
1.1177141328832283e-30 
6.36189232783603e-31 
3.614973749860919e-31 
2.0506162824674205e-31 
1.1612372134368242e-31 
6.564646399220581e-32 
3.704689439744902e-32 
2.087075802003338e-32 
1.173724235757196e-32 
6.589165796641317e-33 
3.692546354205164e-33 
2.0656027922903134e-33 
1.1534178961447237e-33 
6.4289304751199866e-34 
3.5768072037666752e-34 
1.9863193812734636e-34 
1.1010086270188667e-34 
6.091315862287196e-35 
3.3635679794865244e-35 
1.853732845462642e-35 
1.0196244703779681e-35 
5.597150102128798e-36 
3.066293555471391e-36 
1.676355108746815e-36 
9.145514930246916e-37 
4.9787839997189e-37 
2.7045388185544855e-37 
1.4658798629266948e-37 
7.927160094648045e-38 
4.2768905548677933e-38 
2.3019993538577674e-38 
1.2360101438868886e-38 
6.619871666650155e-39 
3.53635738518311e-39 
1.884114191740218e-39 
1.0010712013816989e-39 
5.303808716204088e-40 
2.801754562344841e-40 
1.4755060510452292e-40 
7.74576347750245e-41 
4.0526290168450396e-41 
2.1129447657305224e-41 
1.097585164384398e-41 
5.679318931788406e-42 
2.9265651850630395e-42 
1.5014262421014815e-42 
7.666443236216406e-43 
3.894608425105464e-43 
1.9675180730384273e-43 
9.879265094874488e-44 
4.927160186104171e-44 
2.438838557565433e-44 
1.1968556497685908e-44 
5.815760159251366e-45 
2.7934077318660333e-45 
1.3231933890789912e-45 
6.161337403531029e-46 
2.8070616424560607e-46 
1.2422708340403163e-46 
5.276639909034796e-47 
2.1039432055402075e-47 
7.500157657960385e-48 
