0.3592544064576743 
0.0007440411760827576 
1.5491340964863948e-06 
3.2254168523248797e-09 
6.715567189462098e-12 
1.398232995708181e-14 
2.911229171163818e-17 
6.061404152989875e-20 
1.2620311951171788e-22 
2.8846698944370772e-25 
7.30828669981903e-28 
2.0558820684912488e-30 
2.0683541594564046e-30 
1.987345441621494e-30 
1.77856141616052e-30 
1.451816705334165e-30 
1.065607811224126e-30 
6.976243085394906e-31 
4.059320413952672e-31 
2.0980089558528656e-31 
9.64051088427938e-32 
3.945402486453095e-32 
1.4409992318930568e-32 
4.7064333928419674e-33 
1.3771032843915001e-33 
3.615354819755657e-34 
8.526210595828527e-35 
1.8076935475376429e-35 
3.44683841427016e-36 
5.9104254479710885e-37 
9.109437140311522e-38 
1.2606559980228432e-38 
1.564066319042874e-39 
1.735903108816573e-40 
1.718565646678766e-41 
1.512120189266874e-42 
1.1770038372915096e-43 
8.057886013422237e-45 
4.816725948371686e-46 
2.4909542337953117e-47 
1.095682130694229e-48 
4.630759110488774e-50 
1.88325996931252e-51 
7.379884806265794e-53 
2.7900751320736156e-54 
1.0188613983882468e-55 
3.59763849994176e-57 
1.2295935509569082e-58 
4.071524368810577e-60 
1.3073376908032464e-61 
4.073936127230863e-63 
1.2330350068083576e-64 
3.6273624727439067e-66 
1.037917063612552e-67 
2.890519774564178e-69 
7.839732673294214e-71 
2.0720257161224333e-72 
5.3395094781685346e-74 
1.3423068617232637e-75 
3.2935736089332462e-77 
7.891484460366026e-79 
1.8472553089547744e-80 
4.226338211781602e-82 
9.454848747490662e-84 
2.069064618561973e-85 
4.430895149055703e-87 
9.288996665873391e-89 
1.9070477842323586e-90 
3.835475642462722e-92 
7.559368209199963e-94 
1.4604904444344029e-95 
2.766891438188254e-97 
5.141550470928059e-99 
9.374076764372839e-101 
1.6773157625552875e-102 
2.94624230970322e-104 
5.081604868605357e-106 
8.608349548633684e-108 
1.4326156997584225e-109 
2.342778379599038e-111 
3.7654949355824707e-113 
5.949725083887038e-115 
9.243732995796213e-117 
1.4124154193323936e-118 
2.1228939851138e-120 
3.1392698169013546e-122 
4.568195728698955e-124 
6.542675520257044e-126 
9.224383199564647e-128 
1.2804572030525638e-129 
1.7502940365305253e-131 
2.3563816124946795e-133 
3.1249095361665525e-135 
4.0827538592034842e-137 
5.2560298096491625e-139 
6.668291329097184e-141 
8.338444665987847e-143 
1.027849000489314e-144 
1.2491249644597426e-146 
1.4968277274204431e-148 
1.7688164027972938e-150 
2.061545768399781e-152 
2.3700387943274624e-154 
2.6879542261913135e-156 
3.0077565580640466e-158 
3.3209869254061415e-160 
3.618623821679202e-162 
3.891513160254128e-164 
4.1308391942144757e-166 
4.328602204845821e-168 
4.47806646238595e-170 
4.5741431682249706e-172 
4.6136778837811455e-174 
4.595619867228387e-176 
4.5210609153203336e-178 
4.393142610665029e-180 
4.216842053057394e-182 
3.9986560042427305e-184 
3.746210900711916e-186 
3.467830714692779e-188 
3.1720958864564973e-190 
2.867424628113225e-192 
2.561703279522643e-194 
2.26198581182466e-196 
1.974274899087473e-198 
1.7033891104716934e-200 
1.4529135205261949e-202 
1.2252250246390876e-204 
1.0215792852188722e-206 
8.422436872007041e-209 
6.866598937952115e-211 
5.5362033327649445e-213 
4.414448650781155e-215 
3.4814656261848185e-217 
2.71578606320205e-219 
2.095573448845588e-221 
1.599593742172712e-223 
1.207928103868706e-225 
9.024469535399312e-228 
6.670765173941134e-230 
4.878953792122424e-232 
3.531003166531879e-234 
2.528789575746309e-236 
1.7922264042282776e-238 
1.2570734046417422e-240 
8.726449557864899e-243 
5.995769055370642e-245 
4.077588377934962e-247 
2.7449438457688853e-249 
1.8291747220948477e-251 
1.2066692558270991e-253 
7.8804671157729e-256 
5.09524777364124e-258 
3.261721834964803e-260 
2.067355178888437e-262 
1.2974415444548391e-264 
8.062740348062164e-267 
4.961546233605402e-269 
3.023485697268079e-271 
1.824618224861476e-273 
1.0905001232574025e-275 
6.4548352519185e-278 
3.7841309820465864e-280 
2.19727417943587e-282 
1.263731168276569e-284 
7.199336605288646e-287 
4.062677188611793e-289 
2.2710602507267347e-291 
1.2576381165320172e-293 
6.899336963422716e-296 
3.7497070015837264e-298 
2.0190127376677485e-300 
1.0770744497953944e-302 
5.692857077154179e-305 
2.981298395263014e-307 
1.546976459733913e-309 
7.953848474383e-312 
4.052269338e-314 
2.0457776e-316 
1.023457e-318 
5.04e-321 
0.0 
0.0 
0.0 
0.0 
0.0 
0.0 
0.0 
0.0 
0.0 
0.0 
0.0 
0.0 
0.0 
0.0 
0.0 
0.0 
0.0 
0.0 
0.0 
0.0 
0.0 
0.0 
0.0 
0.0 
0.0 
0.0 
0.0 
0.0 
0.0 
0.0 
0.0 
0.0 
